%   UNRATE /	core infl (q)	/core infl (5yMA 1sided)	/ ygap	/ infl (q)	/ infl(5yMA 1sided) / 	ffr
data = [
6.300000	0.454440	2.768760	-3.678747	0.828407	2.887489	1.860000
7.400000	0.452380	2.406450	-3.920831	0.423381	2.603726	0.940000
7.300000	0.338600	2.051400	-2.534582	0.240293	2.070100	1.320000
6.400000	0.563560	1.808980	-1.136453	0.122854	1.614935	2.160000
5.800000	0.446310	1.800850	-0.187957	0.495729	1.282257	2.570000
5.100000	0.557910	1.906380	1.307294	0.278859	1.137735	3.080000
5.300000	0.441860	2.009640	0.190777	0.411059	1.308501	3.580000
5.600000	0.661530	2.107610	-0.352884	0.386357	1.572004	3.990000
5.100000	0.440310	2.101610	0.887637	0.201236	1.277511	3.930000
5.200000	0.215920	1.759620	-0.477756	0.361208	1.359860	3.700000
5.500000	-0.107730	1.210030	-1.220441	0.451107	1.399908	2.940000
6.300000	0.545750	1.094250	-3.429308	0.449081	1.462632	2.300000
6.800000	0.214520	0.868460	-3.733075	0.113372	1.374769	2.000000
7.000000	0.324330	0.976870	-2.845302	0.209400	1.222961	1.730000
6.800000	0.433190	1.517790	-2.149428	0.220246	0.992100	1.680000
6.200000	0.321880	1.293920	-1.107431	0.236646	0.779665	2.400000
5.600000	0.211760	1.291160	-0.296252	0.505222	1.171514	2.460000
5.500000	0.429030	1.395860	-0.251707	0.273996	1.236110	2.610000
5.600000	0.318810	1.281480	-0.348897	0.234257	1.250121	2.850000
5.500000	0.209740	1.169340	-1.027471	0.233710	1.247185	2.920000
5.800000	0.212480	1.170060	-1.024794	0.487914	1.229877	2.970000
5.700000	0.420890	1.161920	-0.836230	0.077404	1.033285	2.960000
5.500000	0.422270	1.265380	-0.008404	0.099431	0.898459	3.330000
5.600000	0.520920	1.576560	-0.402527	0.654874	1.319623	3.450000
5.500000	0.521340	1.885420	0.661096	0.377762	1.209470	3.460000
5.200000	0.102480	1.567010	0.767115	0.300096	1.432163	3.490000
5.000000	0.207860	1.352600	1.040731	0.499974	1.832705	3.460000
5.000000	0.517030	1.348710	0.317948	0.427340	1.605171	3.580000
4.900000	0.409650	1.237020	1.671305	0.430896	1.658305	3.970000
4.700000	0.306750	1.441290	1.957191	0.461152	1.819361	4.080000
4.400000	0.100920	1.334350	2.894569	0.459035	1.778422	4.070000
4.100000	0.510190	1.327510	4.142575	0.647595	1.998677	4.170000
3.900000	0.507600	1.425460	5.495875	0.611881	2.179662	4.560000
3.800000	1.007050	2.125760	4.789227	0.905647	2.624157	4.910000
3.800000	0.898200	2.923040	4.367758	0.882023	3.047146	5.410000
3.700000	0.988130	3.400980	4.079186	0.817969	3.217519	5.560000
3.800000	0.587660	3.481040	3.827316	0.419245	3.024884	4.820000
3.800000	0.779950	3.253940	2.744839	0.595164	2.714401	3.990000
3.800000	1.063770	3.419510	2.436629	0.893697	2.726075	3.890000
3.900000	1.049700	3.481080	2.075373	1.089847	2.997954	4.170000
3.700000	1.231800	4.125220	2.949133	1.087935	3.666643	4.790000
3.600000	1.026160	4.371430	3.471441	1.110280	4.181759	5.980000
3.500000	1.387620	4.695280	3.057600	0.958474	4.246536	5.940000
3.400000	1.461690	5.107270	2.396557	1.387449	4.544138	5.920000
3.400000	1.348910	5.224380	2.867037	1.002230	4.458434	6.570000
3.400000	1.597150	5.795370	2.169236	1.313134	4.661287	8.330000
3.600000	1.396490	5.804240	1.819627	1.415194	5.118007	8.980000
3.600000	1.377260	5.719810	0.461247	1.241856	4.972414	8.940000
4.200000	1.529320	5.900220	-0.565626	1.369423	5.339607	8.570000
4.800000	1.842690	6.145760	-1.174314	1.434478	5.460952	7.880000
5.200000	1.313880	6.063150	-1.043473	0.814294	4.860052	6.700000
5.800000	1.622870	6.308760	-2.808356	1.295260	4.913455	5.570000
5.900000	0.957690	5.737130	-0.897846	1.516378	5.060409	3.860000
5.900000	1.026870	4.921310	-1.067932	1.330714	4.956645	4.560000
6.000000	0.861500	4.468930	-1.027358	1.003109	5.145461	5.470000
5.900000	0.542280	3.388340	-1.474536	0.820775	4.670977	4.750000
5.800000	0.849540	3.280190	-0.458726	1.617571	4.772170	3.540000
5.700000	0.764340	3.017660	1.094217	0.600409	4.041865	4.300000
5.600000	0.758540	2.914700	1.268318	0.879970	3.918726	4.740000
5.400000	0.529020	2.901440	2.163703	1.120693	4.218644	5.140000
4.900000	0.748870	2.800770	3.843968	1.275597	3.876669	6.540000
4.900000	1.042410	3.078840	4.180643	1.627432	4.903692	7.820000
4.800000	1.029450	3.349750	2.824110	1.853273	5.876995	10.560000
4.800000	1.677130	4.497860	2.916308	1.716253	6.472556	10.000000
5.100000	1.576340	5.325330	1.197842	2.017022	7.213981	9.320000
5.200000	2.612580	6.895500	0.544628	2.210944	7.797493	11.250000
5.600000	3.437390	9.303440	-1.353580	3.004443	8.948663	12.090000
6.600000	2.926220	10.552530	-2.672474	2.990144	10.222553	9.350000
8.300000	2.131780	11.107970	-4.776031	2.234251	10.439782	6.300000
8.900000	1.580650	10.076040	-4.860086	1.449395	9.678232	5.420000
8.500000	1.307600	7.946250	-4.050468	1.763759	8.437548	6.160000
8.300000	1.722200	6.742230	-3.524444	1.652516	7.099921	5.410000
7.700000	1.872500	6.482950	-2.071481	1.071345	5.937015	4.830000
7.600000	1.364770	6.267070	-2.087233	0.996158	5.483779	5.200000
7.700000	1.637790	6.597260	-2.343240	1.268938	4.988957	5.280000
7.800000	1.381690	6.256750	-2.361772	1.664299	5.000739	4.870000
7.500000	1.647360	6.031610	-1.995747	1.590566	5.519961	4.660000
7.100000	1.618990	6.285830	-0.852101	1.559941	6.083744	5.160000
6.900000	1.429910	6.077950	0.091440	1.378078	6.192884	5.820000
6.700000	1.354470	6.050730	-0.720208	1.670647	6.199232	6.510000
6.300000	1.764720	6.168090	-1.208066	1.659572	6.268238	6.760000
6.000000	2.049410	6.598510	1.729891	1.895292	6.603588	7.280000
6.000000	2.162730	7.331330	1.827080	1.723242	6.948752	8.100000
5.900000	2.218260	8.195120	2.293917	2.011899	7.290005	9.580000
5.900000	2.318050	8.748450	1.644096	1.817790	7.448223	10.070000
5.700000	2.360950	9.059990	0.956303	2.356114	7.909045	10.180000
5.900000	2.588980	9.486240	0.899658	2.018539	8.204341	10.950000
6.000000	3.028930	10.296910	0.434529	1.942928	8.135370	13.580000
6.300000	3.697570	11.676430	0.111942	2.143637	8.461217	15.050000
7.300000	3.350520	12.666000	-2.481241	2.164736	8.269839	12.690000
7.700000	1.496260	11.573280	-3.149065	2.270419	8.521720	9.840000
7.400000	3.111790	11.656140	-1.824454	2.771733	9.350525	15.850000
7.400000	2.343540	10.302110	-0.309961	2.551382	9.758270	16.570000
7.400000	2.211870	9.163460	-1.650118	1.756102	9.349636	17.780000
7.400000	3.379270	11.046470	-1.156445	1.848079	8.927296	17.580000
8.200000	1.945640	9.880320	-3.019950	1.784536	7.940099	13.590000
8.800000	1.225510	8.762290	-5.489760	1.335579	6.724296	14.230000
9.400000	1.850170	8.400590	-5.746984	1.228309	6.196503	14.510000
9.900000	1.677150	6.698470	-6.926005	1.400114	5.748538	11.010000
10.700000	0.343300	5.096130	-7.655483	1.080657	5.044660	9.290000
10.400000	0.616440	4.487060	-7.143433	0.846764	4.555845	8.650000
10.100000	0.987410	3.624300	-5.679587	0.673036	4.000572	8.800000
9.400000	1.246710	3.193860	-4.542480	1.040084	3.640542	9.460000
8.500000	1.298270	4.148830	-3.319288	0.722412	3.282296	9.430000
7.900000	1.380220	4.912610	-2.205014	1.034760	3.470292	9.690000
7.400000	1.232090	5.157290	-1.349238	0.879784	3.677040	10.560000
7.400000	1.248800	5.159380	-1.272954	0.821969	3.458926	11.390000
7.300000	1.012330	4.873440	-1.395037	0.619639	3.356153	9.270000
7.200000	1.095180	4.588400	-1.335179	1.176869	3.498262	8.480000
7.300000	1.053580	4.409890	-1.358486	0.564914	3.183392	7.920000
7.200000	0.888140	4.049230	-0.749613	0.639994	3.001416	7.900000
7.000000	1.154620	4.191520	-0.934345	0.535692	2.917469	8.100000
7.000000	1.081080	4.177420	-0.923257	0.484672	2.225272	7.830000
7.200000	0.831550	3.955390	-1.371659	0.370969	2.031327	6.920000
7.000000	0.943140	4.010390	-1.264351	0.465197	1.856529	6.210000
6.800000	0.963220	3.818990	-1.630318	0.602217	1.923054	6.270000
6.600000	0.809190	3.547100	-1.803526	0.585123	2.023505	6.220000
6.300000	1.204480	3.920030	-1.541608	0.652103	2.304640	6.650000
6.000000	0.935110	3.912000	-1.478354	0.736052	2.575495	6.840000
5.800000	1.151320	4.100100	-0.667034	0.778536	2.751815	6.920000
5.700000	0.971690	4.262600	-0.917914	0.772522	2.939214	6.660000
